758
629
21
98
499
987
861
787
978
322
86
746
993
71
961
959
846
297
965
496
351
47
582
375
875
268
430
762
295
54
303
870
612
656
273
927
978
343
749
568
964
281
777
380
952
812
229
637
780
906
825
473
551
81
763
636
707
907
854
283
11
935
678
809
46
982
603
360
579
607
54
950
329
482
742
232
192
193
644
154
294
1
833
76
513
909
109
441
555
940
706
773
183
593
395
83
104
830
258
730
134
233
762
129
586
286
38
146
562
660
229
405
512
78
73
688
387
876
494
882
870
133
694
29
194
421
844
465
909
64
918
978
471
357
466
87
720
654
733
437
573
355
3
549
125
453
492
697
206
961
